1 288 1 4 2 1
1 288 1 8 2 1
1 288 1 4 4 1
1 288 1 8 4 1
1 288 1 16 4 1
2 288 1 4 2 1
2 288 1 8 2 1
2 288 1 4 4 1
2 288 1 8 4 1
2 288 1 16 4 1
4 288 1 4 2 1
4 288 1 8 2 1
4 288 1 4 4 1
4 288 1 8 4 1
4 288 1 16 4 1
8 288 1 4 2 1
8 288 1 8 2 1
8 288 1 4 4 1
8 288 1 8 4 1
8 288 1 16 4 1
16 288 1 4 2 1
16 288 1 8 2 1
16 288 1 4 4 1
16 288 1 8 4 1
16 288 1 16 4 1
32 288 1 4 2 1
32 288 1 8 2 1
32 288 1 4 4 1
32 288 1 8 4 1
32 288 1 16 4 1
64 288 1 4 2 1
64 288 1 8 2 1
64 288 1 4 4 1
64 288 1 8 4 1
64 288 1 16 4 1
